1.9708069396 1.9777182103 1.9706775819 1.9588494214 1.9792112630 1.9775130650 1.9663268842 1.9799082625 1.9676090143 1.9678592283
1.9788647776 1.9717250396 1.9332780481 1.9645711859 1.9263360553 1.9666848784 1.9557525111 1.9489197504 1.9690649254 1.9360026667
1.9740807443 1.9602431074 1.9252788505 1.9764680740 1.9712485177 1.9562921891 1.9605046493 1.9768578221 1.9699305317 1.9609106137
1.9532311545 1.9561472475 1.9536563331 1.9700375344 1.9308653062 1.9774440787 1.9719200125 1.9475367477 1.9301283842 1.9674507190
1.9680757416 1.9651077666 1.9627104605 1.9515184297 1.9897618331 1.9701090550 1.9480093136 1.9655531200 1.9837165800 1.9898263202
1.9799145425 1.9413463338 1.9877365912 1.9752773746 1.9704205047 1.9857002877 1.9732657963 1.9380037217 1.9487046381 1.9260094716
1.9749839903 1.9764636481 1.9829352589 1.9790100904 1.9650269614 1.9797300730 1.9618747572 1.9782923989 1.9503799227 1.9618969562
1.9743281450 1.9712142960 1.9441934746 1.9209207219 1.9404767717 1.9719229680 1.9688922434 1.9879263114 1.9756186553 1.9213284432
1.9368957759 1.9797208997 1.9709205465 1.9600748105 1.9667944995 1.9742141714 1.9662654497 1.9321519718 1.9424273433 1.9739383921
1.9854345734 1.9256454271 1.9301099955 1.9759814450 1.9277124028 1.9822369759 1.9263359145 1.9879659070 1.9621245198 1.9516957700
1.9367778283 1.9414196238 1.9501614824 1.9636123885 1.9494169227 1.9665152817 1.9682947901 1.9602803458 1.9652287415 1.9700186477
1.9764019222 1.9778117967 1.9636064892 1.9519971320 1.9773554658 1.9638822106 1.9302858181 1.9763815352 1.9758473784 1.9669217488
1.9632306959 1.9647517821 1.9623924805 1.9692011501 1.9633479259 1.9626843073 1.9706031355 1.9459103156 1.9634096215 1.9730795018
1.9373120877 1.9549008816 1.9661219062 1.9711679377 1.9607826165 1.9789710557 1.9771062191 1.9817781606 1.9416185039 1.9692874535
1.9792931740 1.9724036177 1.9826989018 1.9724157824 1.9263563209 1.9273282714 1.9643380000 1.9787564719 1.9784805015 1.9800966639
1.9460194165 1.9611168569 1.9811187266 1.9607408626 1.9438144181 1.9477465437 1.9680866869 1.9766371871 1.9608748880 1.9391505199
1.9629699162 1.9750388996 1.9635113878 1.9403735153 1.9510340478 1.9435561634 1.9439083653 1.9782953921 1.9638541473 1.9831680895
1.9331553393 1.9836357420 1.9823496300 1.9770001842 1.9269186690 1.9786424688 1.9717975649 1.9567927026 1.9756340274 1.9290160947
1.9742440536 1.9770656332 1.9710050565 1.9748174381 1.9775923662 1.9703609007 1.9759110172 1.9784957375 1.9767158629 1.9208998570
1.9535210478 1.9685801028 1.9634190892 1.9727539217 1.9422604755 1.9743625957 1.9244498418 1.9592962312 1.9698943129 1.9713126030
1.9625521551 1.9686407094 1.9213075617 1.9662434524 1.9669483575 1.9870615185 1.9701338800 1.9781424734 1.9804223806 1.9751866247
1.9708512481 1.9730725577 1.9782921411 1.9781375196 1.9618282386 1.9373006458 1.9268080665 1.9367655231 1.9494543983 1.9778790131
1.9709278201 1.9655459901 1.9789225065 1.9633478228 1.9665745962 1.9691266420 1.9792567479 1.9225094619 1.9523857573 1.9522612709
1.9317327903 1.9444328344 1.9585880307 1.9742862828 1.9766445861 1.9606816230 1.9705500835 1.9480584736 1.9680872146 1.9624461172
1.9786369123 1.9568968746 1.9706902219 1.9703592198 1.9512474034 1.9375026316 1.9722947918 1.9704096928 1.9767393281 1.9617702661
1.9224311419 1.9796466304 1.9637184029 1.9297475568 1.9759784303 1.9699626882 1.9640954351 1.9818056728 1.9440531481 1.9691779792
1.9599396986 1.9699608776 1.9781474118 1.9725094837 1.9792665246 1.9888437609 1.9628762341 1.9735907179 1.9537044107 1.9662983287
1.9268115113 1.9520991930 1.9729733549 1.9702963894 1.9736052046 1.9546186895 1.9889556049 1.9695603181 1.9637161411 1.9687773595
1.9637876894 1.9556104006 1.9352439192 1.9716152190 1.9633524006 1.9882781343 1.9447464640 1.9297502910 1.9705414575 1.9662873599
1.9787813717 1.9734584690 1.9777796745 1.9695939554 1.9279979955 1.9705759952 1.9384188497 1.9786461257 1.9736143150 1.9830991957
1.9603478837 1.9497528762 1.9767696446 1.9871015414 1.9726152557 1.9715360205 1.9817073498 1.9509979194 1.9660396810 1.9827371927
1.9763295630 1.9647286633 1.9273020019 1.9893005460 1.9607172855 1.9788800464 1.9755599514 1.9581686119 1.9721640425 1.9614402601
1.9578214180 1.9837490204 1.9285208215 1.9827938184 1.9897300283 1.9717686162 1.9735028342 1.9716524842 1.9675941054 1.9219047219
1.9327512268 1.9737778531 1.9581096902 1.9207469632 1.9682463106 1.9764436262 1.9254913456 1.9856826444 1.9771100852 1.9381401525
1.9748510366 1.9768574975 1.9608957129 1.9539814669 1.9675565890 1.9724656972 1.9879221895 1.9651622052 1.9696066363 1.9241600102
1.9673456777 1.9502126999 1.9335368167 1.9527735996 1.9656407934 1.9283143814 1.9775586343 1.9787195923 1.9685699191 1.9709791311
1.9797957678 1.9797081822 1.9306858682 1.9553943581 1.9472117703 1.9849243555 1.9531178843 1.9440525813 1.9776978163 1.9627163914
1.9796696079 1.9725958342 1.9306656454 1.9751362297 1.9358600494 1.9467736997 1.9820767735 1.9683468688 1.9547379779 1.9606388823
1.9741637052 1.9800172537 1.9336212597 1.9366746011 1.9710876298 1.9203831173 1.9351502211 1.9790125557 1.9720159021 1.9835060846
1.9768212752 1.9729983141 1.9261814815 1.9799168326 1.9728617454 1.9734882470 1.9641179823 1.9740622313 1.9788448175 1.9304592838
1.9693599313 1.9586187903 1.9285910187 1.9263064034 1.9328485606 1.9701362776 1.9765117750 1.9339463457 1.9634705188 1.9603359092
1.9633391040 1.9726703089 1.9222351359 1.9434505883 1.9379228691 1.9724454853 1.9767397038 1.9799649676 1.9664342613 1.9691176324
1.9721477498 1.9683644353 1.9841084638 1.9294638657 1.9751462069 1.9787097616 1.9608194920 1.9409603737 1.9200462594 1.9741022609
1.9697880239 1.9632175911 1.9330404830 1.9709783341 1.9396366766 1.9696791279 1.9628166132 1.9540287075 1.9610851036 1.9725560221
1.9281258500 1.9700179291 1.9373324545 1.9509056270 1.9629947882 1.9327991667 1.9567439207 1.9716160202 1.9781751948 1.9780547033
1.9204157916 1.9708990278 1.9698301764 1.9589051593 1.9684612990 1.9654543414 1.9635889079 1.9277144547 1.9625077492 1.9869012773
1.9743974829 1.9785640559 1.9426314160 1.9298298099 1.9214042358 1.9576931383 1.9484212495 1.9604594275 1.9639466040 1.9605464493
1.9743533701 1.9729821204 1.9806128867 1.9318377752 1.9606156782 1.9737505398 1.9369342351 1.9733037896 1.9710390643 1.9774957682
1.9704600324 1.9614000619 1.9609077494 1.9617280808 1.9759261081 1.9710064417 1.9485736151 1.9612834303 1.9795460079 1.9303403455
1.9810511839 1.9718361540 1.9685325073 1.9774579019 1.9611039291 1.9511247601 1.9713406648 1.9384045208 1.9484144006 1.9745299151
1.9724182755 1.9429622433 1.9738777915 1.9696651428 1.9520575280 1.9689133569 1.9692417196 1.9735662685 1.9221158835 1.9662660476
1.9795780215 1.9760353095 1.9725074478 1.9342795872 1.9391598116 1.9608487335 1.9668939703 1.9379238148 1.9733104362 1.9628271192
1.9769893295 1.9236171492 1.9716718391 1.9863054587 1.9869582215 1.9664479608 1.9771346305 1.9698760361 1.9246563715 1.9322144083
1.9736709576 1.9417591887 1.9688222208 1.9644454074 1.9860219020 1.9388896296 1.9720634900 1.9763702631 1.9400867443 1.9678704104
1.9724133206 1.9615711623 1.9754161591 1.9773326873 1.9744757887 1.9755017344 1.9419707327 1.9722849178 1.9746703399 1.9844488126
1.9600681952 1.9288353624 1.9828966960 1.9676268889 1.9789250284 1.9747231829 1.9743359092 1.9607961096 1.9850951432 1.9704838789
1.9695362894 1.9518384975 1.9265400147 1.9890870037 1.9736094039 1.9245758082 1.9791559750 1.9672688497 1.9578811982 1.9771536627
1.9740709482 1.9596665069 1.9744233856 1.9668348194 1.9620033417 1.9749123476 1.9737891857 1.9540961848 1.9761408307 1.9735792511
1.9889816170 1.9627906212 1.9437433948 1.9708360176 1.9650408870 1.9623645837 1.9730790803 1.9680082783 1.9766688164 1.9754783363
1.9597397742 1.9622966872 1.9783449309 1.9881053982 1.9745532951 1.9705129627 1.9783120546 1.9436826954 1.9524704253 1.9479099527
1.9734546180 1.9852373297 1.9491457782 1.9765411645 1.9715315711 1.9271325154 1.9734518667 1.9759594465 1.9539846412 1.9558755944
1.9212099465 1.9666438565 1.9781013677 1.9348845826 1.9624767294 1.9609493145 1.9510990205 1.9652556333 1.9558763230 1.9710374073
1.9733394694 1.9324061042 1.9838218511 1.9680514880 1.9537958859 1.9607256007 1.9787714734 1.9759386131 1.9894242113 1.9683339226
1.9472233274 1.9799965079 1.9264346248 1.9897505063 1.9415890952 1.9434180984 1.9322975333 1.9299457572 1.9672982606 1.9657020197
1.9478598697 1.9277167034 1.9787441520 1.9709223342 1.9783450583 1.9686777787 1.9810917201 1.9369420728 1.9721766416 1.9754027924
1.9790220491 1.9276494997 1.9752686592 1.9681630477 1.9770249015 1.9695204051 1.9710932084 1.9557212161 1.9454495943 1.9850168751
1.9790693046 1.9711470823 1.9888946459 1.9705421064 1.9770800470 1.9787079091 1.9256978570 1.9662827913 1.9747819506 1.9692233303
1.9692589096 1.9749211709 1.9627111163 1.9345616619 1.9310173172 1.9717901840 1.9796909999 1.9664362941 1.9578266932 1.9317536383
1.9769253391 1.9745818442 1.9438566228 1.9611461702 1.9563916719 1.9837800089 1.9660522449 1.9290917306 1.9799536011 1.9690561907
1.9760300052 1.9783667885 1.9761459492 1.9752392420 1.9694384498 1.9781016971 1.9267033602 1.9859565045 1.9868786294 1.9450753494
1.9782455396 1.9776326909 1.9648941777 1.9768294480 1.9232422149 1.9693034286 1.9841876202 1.9350213364 1.9757474679 1.9400064694
1.9602757949 1.9740383903 1.9459156975 1.9734884298 1.9304300079 1.9497681142 1.9741507499 1.9240482997 1.9322373784 1.9711029555
1.9764971856 1.9636433055 1.9800574997 1.9720294467 1.9404003031 1.9254140719 1.9747199631 1.9648814209 1.9444040613 1.9423482256
1.9741432682 1.9268699709 1.9713920087 1.9354685809 1.9396950723 1.9713670189 1.9691161295 1.9617016815 1.9522351452 1.9646706944
1.9681061449 1.9618933102 1.9698865849 1.9333828199 1.9410145762 1.9417230651 1.9252932559 1.9722317284 1.9788662946 1.9768548230
1.9734764116 1.9238902413 1.9535311335 1.9322994542 1.9713666765 1.9732102379 1.9699514629 1.9722592512 1.9612744116 1.9755110276
1.9632017137 1.9667041381 1.9743197730 1.9613044691 1.9365163448 1.9740635956 1.9543540642 1.9245074561 1.9472514081 1.9886158119
1.9418674508 1.9709481002 1.9813338241 1.9454190743 1.9628261323 1.9763355948 1.9438878623 1.9718710902 1.9770146134 1.9220154361
1.9707223508 1.9886076183 1.9733503486 1.9771208180 1.9693695427 1.9722092899 1.9687785463 1.9798535885 1.9804612356 1.9456393882
1.9215616837 1.9886392685 1.9490234148 1.9774028154 1.9418207913 1.9248491628 1.9206371465 1.9779542087 1.9231552398 1.9264562231
1.9859691105 1.9782035430 1.9319906274 1.9631964203 1.9467335100 1.9471706394 1.9725871160 1.9688856965 1.9287419781 1.9784596538
1.9459380022 1.9448211774 1.9615070207 1.9250999216 1.9744250875 1.9727720999 1.9750409847 1.9484182502 1.9671965193 1.9783256556
1.9512190744 1.9795893940 1.9734168904 1.9685342254 1.9755727616 1.9749991863 1.9271757376 1.9611903664 1.9577169766 1.9847342320
1.9691810053 1.9636611812 1.9267440508 1.9437025828 1.9733990347 1.9859797262 1.9739603143 1.9706290876 1.9603730520 1.9365984575
1.9341741469 1.9636998159 1.9616390994 1.9714102509 1.9737210300 1.9409842079 1.9657562241 1.9722727990 1.9431889856 1.9448010013
1.9674048670 1.9773137753 1.9675023255 1.9426643807 1.9246840574 1.9753596748 1.9605185719 1.9442108756 1.9701182420 1.9738316918
1.9732614173 1.9263425070 1.9693506083 1.9248064121 1.9781176516 1.9340941175 1.9202556301 1.9728003222 1.9750070169 1.9294785880
1.9675101904 1.9566123329 1.9794355270 1.9770276102 1.9716938619 1.9606089591 1.9647673747 1.9753350286 1.9643694420 1.9749232481
1.9720697804 1.9708778613 1.9441791842 1.9328549169 1.9687078872 1.9787632071 1.9700515667 1.9298370822 1.9716944340 1.9527522773
1.9767011269 1.9720883861 1.9758287506 1.9700262335 1.9605966023 1.9215202324 1.9607036459 1.9638126756 1.9295818009 1.9422768089
1.9753052435 1.9748010797 1.9716236751 1.9857187639 1.9816257619 1.9605770293 1.9702065456 1.9796364965 1.9715909146 1.9763596517
1.9688815184 1.9642751375 1.9541896119 1.9252139387 1.9766629724 1.9247950615 1.9601181608 1.9750474310 1.9730501158 1.9634460273
1.9728310419 1.9665639334 1.9889545239 1.9534707971 1.9713735450 1.9507000341 1.9605891671 1.9652686109 1.9898107223 1.9623157521
1.9762303170 1.9681045125 1.9791456672 1.9718370629 1.9534798865 1.9442850987 1.9648996311 1.9772981197 1.9766788573 1.9496289171
1.9756442485 1.9811537375 1.9716251009 1.9718715486 1.9274839682 1.9761833685 1.9594984854 1.9767354746 1.9483370142 1.9824308820
1.9641491773 1.9468470115 1.9459320815 1.9682946710 1.9735049594 1.9824545395 1.9237673447 1.9686381905 1.9833969905 1.9610899359
1.9752471134 1.9796420134 1.9631164563 1.9385965645 1.9509521556 1.9778492827 1.9535052099 1.9535586464 1.9283420622 1.9431126868
1.9671188641 1.9774960031 1.9635279860 1.9793287253 1.9746864610 1.9656134969 1.9407336784 1.9627398232 1.9768281830 1.9537698907
1.9796990174 1.9641609611 1.9512150575 1.9577557249 1.9606348685 1.9613118354 1.9468036423 1.9515801367 1.9780677891 1.9433394917
1.9590764292 1.9776948130 1.9701174939 1.9791314481 1.9481279431 1.9391051628 1.9692317841 1.9749173487 1.9744574113 1.9599685180
1.9247644246 1.9835581177 1.9752933641 1.9717557177 1.9674715759 1.9700581518 1.9679715598 1.9599626075 1.9769788410 1.9645154079
1.9580087399 1.9796780252 1.9504034161 1.9564869723 1.9783021793 1.9355100815 1.9624046905 1.9672100808 1.9786013445 1.9235410033
1.9566540962 1.9693778059 1.9785380940 1.9647084588 1.9644240965 1.9752849253 1.9882309423 1.9762115659 1.9519034207 1.9771447554
1.9494979356 1.9781080521 1.9774444527 1.9202149762 1.9504346238 1.9551219227 1.9745913969 1.9213109030 1.9799428358 1.9601480322
1.9249825403 1.9682613796 1.9626439315 1.9847030163 1.9647927569 1.9693361626 1.9495242788 1.9627744876 1.9533789367 1.9303503865
1.9603885012 1.9704905200 1.9451875502 1.9639354913 1.9355525184 1.9792237697 1.9472626486 1.9315300963 1.9644908990 1.9760301703
1.9622670421 1.9299321490 1.9652718929 1.9661836510 1.9757025609 1.9812902609 1.9220140078 1.9416553940 1.9658014506 1.9779800319
1.9634835944 1.9747539145 1.9678018757 1.9783163968 1.9301255179 1.9654509149 1.9447550521 1.9744287615 1.9697789280 1.9578817901
1.9652383898 1.9735141229 1.9884218191 1.9764385947 1.9738487894 1.9606168005 1.9795232705 1.9284571304 1.9645302433 1.9839469720
1.9889463972 1.9707718768 1.9762213920 1.9672387878 1.9771334714 1.9495425729 1.9797620872 1.9748097421 1.9717814218 1.9795482239
1.9790046687 1.9204766700 1.9269160669 1.9717974900 1.9757901438 1.9709240275 1.9765298803 1.9617956814 1.9691600334 1.9221348993
1.9391599937 1.9746911643 1.9517922472 1.9693442039 1.9558681536 1.9341851595 1.9307860624 1.9640850049 1.9689233985 1.9724503878
1.9850519380 1.9737080263 1.9671243516 1.9583427218 1.9655008593 1.9795859904 1.9502335896 1.9208840394 1.9673008167 1.9408475816
1.9437506342 1.9697537344 1.9490545845 1.9698678789 1.9237154048 1.9703552187 1.9798144350 1.9532109930 1.9767762549 1.9454285071
1.9747933746 1.9636900388 1.9568678801 1.9602942364 1.9541436034 1.9821961773 1.9886545193 1.9788736824 1.9701406627 1.9780476491
1.9639843304 1.9220967001 1.9784572292 1.9667144729 1.9852655642 1.9310261536 1.9789463277 1.9868184022 1.9797058003 1.9894474657
1.9632098390 1.9837563688 1.9351013603 1.9788676940 1.9799671949 1.9749149018 1.9863306889 1.9792959111 1.9324148572 1.9752026035
1.9413855934 1.9744738008 1.9752424331 1.9363620812 1.9713384377 1.9685902182 1.9602177987 1.9671710514 1.9366009726 1.9409227402
1.9421270361 1.9420057371 1.9362031951 1.9798952856 1.9612007915 1.9726919412 1.9702498369 1.9741014152 1.9654459882 1.9575874497
1.9620207109 1.9899550794 1.9867188926 1.9777301605 1.9584660199 1.9757511471 1.9583227601 1.9251651278 1.9784745543 1.9740734046
1.9767311539 1.9754217381 1.9523647080 1.9607041571 1.9845009341 1.9659516689 1.9737632597 1.9412744568 1.9861079127 1.9246703734
1.9697554271 1.9795749404 1.9246753309 1.9800390096 1.9544316988 1.9632814396 1.9624584832 1.9701140850 1.9862348842 1.9303796125
1.9782096911 1.9446166499 1.9797899864 1.9728335951 1.9751120224 1.9715463794 1.9730220648 1.9576365422 1.9628488778 1.9777003905
1.9737559276 1.9425214440 1.9613973442 1.9865283165 1.9643438321 1.9624918083 1.9775763906 1.9672550631 1.9599167516 1.9795360754
1.9772795281 1.9448258238 1.9395657491 1.9768086591 1.9687555191 1.9513636384 1.9845211591 1.9295837532 1.9487125126 1.9689077078
1.9540749181 1.9770389001 1.9644217209 1.9393767818 1.9519968843 1.9298039204 1.9710949938 1.9683472581 1.9795883533 1.9699327577
1.9565463901 1.9648020439 1.9729533910 1.9762660805 1.9747186561 1.9623684229 1.9382351615 1.9465337319 1.9736751690 1.9683590063
1.9572620856 1.9439283870 1.9662917825 1.9642715398 1.9689657561 1.9715965359 1.9610925795 1.9559118524 1.9419303050 1.9717870477
1.9631432851 1.9759214125 1.9374678200 1.9659668238 1.9754062906 1.9803455630 1.9528227137 1.9791526674 1.9370507360 1.9667159523
1.9683178667 1.9533101505 1.9389841704 1.9719187850 1.9705764397 1.9556353081 1.9212373982 1.9313812672 1.9650480856 1.9864448502
1.9682220883 1.9687003434 1.9606000984 1.9621745875 1.9511312348 1.9761348200 1.9714904175 1.9261653303 1.9278512153 1.9757760189
1.9798827910 1.9261124995 1.9716187273 1.9646697195 1.9646416993 1.9500701903 1.9629210736 1.9625451155 1.9749106199 1.9744384399
1.9847071547 1.9210314097 1.9438247853 1.9692595001 1.9772580541 1.9728929256 1.9711070975 1.9786519465 1.9268486373 1.9665192772
1.9711201174 1.9682038045 1.9762547387 1.9726568173 1.9324270063 1.9685288359 1.9281329727 1.9677587988 1.9636870459 1.9642733502
1.9660690203 1.9433061387 1.9522498504 1.9521989209 1.9689336503 1.9455339227 1.9735157700 1.9693823404 1.9541141210 1.9681478014
1.9616014585 1.9381171633 1.9685499645 1.9777204948 1.9793335002 1.9794982599 1.9706206145 1.9635202465 1.9383344800 1.9603722608
1.9292092380 1.9819781994 1.9539331071 1.9566015953 1.9722721128 1.9708469907 1.9497542355 1.9390819248 1.9768928612 1.9790618780
1.9667215136 1.9648145870 1.9784836737 1.9684630526 1.9351549155 1.9441285413 1.9426206258 1.9653079245 1.9635184562 1.9877951737
1.9873833384 1.9341685644 1.9751968493 1.9781768294 1.9484158017 1.9785649313 1.9614023966 1.9508286150 1.9518490909 1.9738418157
1.9612828547 1.9437232637 1.9437949065 1.9731375831 1.9244817510 1.9668216452 1.9416285125 1.9524772948 1.9762882833 1.9675016224
1.9763257759 1.9703467099 1.9245931421 1.9558461127 1.9732314841 1.9368543242 1.9627829488 1.9670852529 1.9663637088 1.9241875812
1.9589511157 1.9427768271 1.9400351452 1.9405876125 1.9456459803 1.9308632191 1.9610953252 1.9561073583 1.9436746212 1.9450092721
1.9729009311 1.9738108342 1.9821289795 1.9773956723 1.9565586683 1.9284580224 1.9356644330 1.9719576324 1.9792009211 1.9736840080
1.9628510491 1.9627549279 1.9704515375 1.9642783912 1.9528018626 1.9608367734 1.9208511814 1.9759708734 1.9635491933 1.9707152781
1.9762360359 1.9667744068 1.9775461553 1.9213644471 1.9887684217 1.9752557354 1.9640858570 1.9265925850 1.9459842213 1.9799302869
1.9763133746 1.9717733536 1.9725096686 1.9467485544 1.9718794052 1.9878491225 1.9709237638 1.9637047691 1.9737983787 1.9515569815
1.9717496204 1.9686292663 1.9777855976 1.9772497533 1.9702701038 1.9713799307 1.9852875232 1.9783307478 1.9440603451 1.9458526353
1.9475727320 1.9228365055 1.9712724315 1.9683901397 1.9216032993 1.9605854592 1.9623466086 1.9642273151 1.9254264295 1.9307882437
1.9693256028 1.9643768001 1.9643358366 1.9757227238 1.9578894701 1.9542025317 1.9671474311 1.9535241210 1.9792013548 1.9826351865
1.9396946852 1.9710454620 1.9600195962 1.9309201068 1.9862883559 1.9681545469 1.9728433259 1.9793421703 1.9675061468 1.9765637227
1.9717716290 1.9710495685 1.9627032046 1.9642666131 1.9647252720 1.9796208312 1.9450245468 1.9739572629 1.9746742927 1.9715066737
1.9612674642 1.9619996322 1.9638676785 1.9756270441 1.9829824075 1.9618842583 1.9761599130 1.9708975908 1.9761598795 1.9200609414
1.9626850988 1.9708131192 1.9682143724 1.9761557590 1.9541476996 1.9690081760 1.9702272073 1.9722469044 1.9757367862 1.9746249041
1.9611568541 1.9401658309 1.9813866683 1.9651026588 1.9464950457 1.9799748460 1.9398360953 1.9598114483 1.9289377587 1.9622096336
1.9630705268 1.9771791672 1.9705827343 1.9577340446 1.9734199203 1.9680762318 1.9860460412 1.9611343496 1.9756285245 1.9789902173
1.9502908267 1.9672760517 1.9776771919 1.9699314211 1.9825362640 1.9263478769 1.9673260859 1.9797389736 1.9720453402 1.9666059312
1.9734825528 1.9788278864 1.9398609126 1.9628816867 1.9704510038 1.9660719818 1.9881704288 1.9695207236 1.9756127632 1.9698889370
1.9661509786 1.9658451991 1.9827383746 1.9716930024 1.9481913370 1.9618778235 1.9782732890 1.9415426612 1.9274711587 1.9734346890
1.9744925963 1.9611632152 1.9273733644 1.9792534805 1.9720764437 1.9761522406 1.9823584362 1.9771105730 1.9774697342 1.9288071371
1.9785996882 1.9787941918 1.9786179094 1.9648454700 1.9630693947 1.9852999503 1.9606132381 1.9558570181 1.9783954551 1.9589308157
1.9614365029 1.9759491473 1.9515558305 1.9404962767 1.9587494609 1.9721969081 1.9420418362 1.9744064562 1.9489662046 1.9604919507
1.9605402166 1.9512467965 1.9446504731 1.9712550466 1.9793844017 1.9641166718 1.9591994583 1.9774894433 1.9339094427 1.9755484931
1.9705344987 1.9672793876 1.9385496842 1.9730086240 1.9560327503 1.9723083263 1.9797490199 1.9303707232 1.9830746586 1.9317209635
1.9616773459 1.9565061416 1.9626444454 1.9656129856 1.9298137895 1.9757307826 1.9704451681 1.9876081744 1.9736236572 1.9780461885
1.9671612128 1.9726832425 1.9275000380 1.9524636490 1.9780516006 1.9749722496 1.9664346017 1.9683051568 1.9784675314 1.9871908528
1.9231595766 1.9335885328 1.9683458920 1.9448072596 1.9428962939 1.9680134151 1.9576900403 1.9607215787 1.9539665098 1.9713757093
1.9628082190 1.9795477795 1.9613393549 1.9646840537 1.9608464172 1.9737786024 1.9710641992 1.9793451148 1.9743835020 1.9333307509
1.9783909113 1.9696482674 1.9741773543 1.9715485859 1.9749269729 1.9670512808 1.9747906101 1.9370504606 1.9670502741 1.9774508916
1.9652914885 1.9604842280 1.9692925862 1.9705521741 1.9633297586 1.9740233234 1.9722578424 1.9295194784 1.9736808800 1.9605686714
1.9782809968 1.9788271296 1.9693179979 1.9768437448 1.9395837985 1.9465858611 1.9347956092 1.9823506642 1.9604490214 1.9600894037
1.9647372785 1.9668037021 1.9816624974 1.9630140443 1.9882184926 1.9749890764 1.9663354705 1.9287255493 1.9312749858 1.9787651281
1.9761715494 1.9475400264 1.9743186639 1.9752246398 1.9278289583 1.9382074068 1.9692136116 1.9528679703 1.9716844007 1.9497778197
1.9474598644 1.9445846532 1.9600592206 1.9709326397 1.9758360881 1.9735940493 1.9699360825 1.9758188690 1.9816326326 1.9363444372
1.9622552180 1.9766629357 1.9706859687 1.9611401297 1.9746617539 1.9654636659 1.9719769223 1.9714239809 1.9285636876 1.9640508283
1.9340836794 1.9304349148 1.9708251487 1.9706524716 1.9610970557 1.9359240367 1.9731880087 1.9285619890 1.9610398441 1.9701239436
1.9532887329 1.9723372057 1.9422919931 1.9890455529 1.9584671966 1.9892872315 1.9779160053 1.9417332334 1.9802201927 1.9649107202
1.9597025881 1.9370857271 1.9666214105 1.9526625049 1.9622233307 1.9616456461 1.9515466017 1.9496969704 1.9799402653 1.9710611793
1.9728768843 1.9673865215 1.9435362501 1.9752863294 1.9459715991 1.9710896554 1.9830080433 1.9791685864 1.9508894041 1.9782415973
1.9620911353 1.9795515832 1.9719745497 1.9672229353 1.9745040379 1.9654644277 1.9308951358 1.9546181211 1.9745227341 1.9691998647
1.9729530197 1.9883346325 1.9217925321 1.9502980628 1.9266769396 1.9792821584 1.9624218970 1.9524020170 1.9625094459 1.9690958406
1.9723710792 1.9270157326 1.9872747438 1.9517832419 1.9708347304 1.9630456091 1.9646112748 1.9753101284 1.9652595947 1.9740230752
1.9602519012 1.9621680754 1.9693519838 1.9373561890 1.9547141090 1.9773600030 1.9411056333 1.9770718156 1.9660458978 1.9706449338
1.9879608833 1.9811890828 1.9655557565 1.9319215440 1.9706641727 1.9759140144 1.9496627002 1.9605012391 1.9259749995 1.9607527380
1.9690483680 1.9725122026 1.9289191230 1.9590530297 1.9495831314 1.9795659639 1.9744580854 1.9736622990 1.9730316631 1.9859576222
1.9304364307 1.9368770255 1.9716488778 1.9613879896 1.9793211726 1.9339441597 1.9356414640 1.9632581779 1.9240904070 1.9796209061
1.9667809582 1.9364257351 1.9663965344 1.9734349518 1.9437984030 1.9693314622 1.9369409175 1.9700147521 1.9782061878 1.9577696060
1.9243252438 1.9774474551 1.9334563881 1.9631942231 1.9720074998 1.9618509745 1.9652220540 1.9775312676 1.9754489314 1.9722430421
1.9739197615 1.9418507586 1.9783477534 1.9699408122 1.9241618328 1.9606071105 1.9846155044 1.9639503322 1.9381339294 1.9683706408
1.9715894096 1.9270849729 1.9782069654 1.9343391975 1.9729189407 1.9605948024 1.9701365648 1.9701264078 1.9716194286 1.9716258607
1.9614878593 1.9747258335 1.9406696881 1.9713794845 1.9766501213 1.9681868877 1.9397265383 1.9605136101 1.9721461776 1.9270193071
1.9713788210 1.9871328185 1.9713144226 1.9742682795 1.9683093872 1.9721749694 1.9592338172 1.9698529032 1.9739183973 1.9402183664
1.9899506035 1.9784114216 1.9484832388 1.9497614888 1.9361280666 1.9421525732 1.9741360813 1.9636814178 1.9531256157 1.9732653645
1.9762855604 1.9219201741 1.9626938971 1.9512714579 1.9748905414 1.9472661374 1.9781016052 1.9331837030 1.9657944309 1.9849545670
1.9776523545 1.9718129407 1.9442248458 1.9331936974 1.9799980187 1.9653365190 1.9524562025 1.9799028778 1.9667601752 1.9584432624
1.9722597789 1.9706967303 1.9704505886 1.9719265444 1.9672908320 1.9770315646 1.9238166553 1.9700441374 1.9760763419 1.9685651434
1.9801877624 1.9585888131 1.9756143620 1.9737380988 1.9717277708 1.9758197216 1.9716208387 1.9755246802 1.9791802935 1.9462041899
1.9569986608 1.9533148383 1.9722377387 1.9632689851 1.9801755939 1.9664265193 1.9529055119 1.9712968924 1.9731716577 1.9757535790
1.9787490384 1.9606415384 1.9689922094 1.9532273974 1.9868312716 1.9691060035 1.9393156720 1.9633038278 1.9389572483 1.9259586408
1.9858914977 1.9683495418 1.9722306456 1.9670798822 1.9719691230 1.9200897161 1.9798929587 1.9678666284 1.9686964720 1.9729643903
1.9797096495 1.9798667110 1.9536562682 1.9666082429 1.9248301526 1.9687712368 1.9311484347 1.9891480170 1.9290582215 1.9362679040
